fixed_k: 1
n_particles: 10
mean_log_likelihood: -1181.707828
mean_log_prior: -1.436943
elapsed_seconds: 0.316123