mode_k: 1
mode_k_probability: 1.000000
mean_change_points: 15067.71
posterior_mean_rates: 0.008318, 0.002496