mode_k: 1
mode_k_probability: 1.000000
mean_change_points: 13285.80
posterior_mean_rates: 0.008787, 0.002642