fixed_k: 9
n_particles: 4000
mean_log_likelihood: -1180.753979
mean_log_prior: -18.207353
elapsed_seconds: 93.857423