fixed_k: 2
n_particles: 4000
mean_log_likelihood: -1179.421081
mean_log_prior: -3.373056
elapsed_seconds: 15.536512