mode_k: 0
mode_k_probability: 1.000000
mean_rates: 0.070934