mode_k: 3
mode_k_probability: 0.283525
mean_change_points: 13187.35, 24066.22, 34706.48
posterior_mean_rates: 0.008464, 0.003769, 0.003470, 0.001185