mode_k: 1
mode_k_probability: 1.000000
mean_change_points: 14420.25
posterior_mean_rates: 0.008565, 0.002503